1880  1  -0.0662   0.141
1880  2  -0.2026   0.172
1880  3  -0.2094   0.172
1880  4  -0.1064   0.136
1880  5  -0.1551   0.157
1880  6  -0.2002   0.172
1880  7  -0.1871   0.170
1880  8  -0.1067   0.129
1880  9  -0.1162   0.173
1880 10  -0.1889   0.130
1880 11  -0.2349   0.152
1880 12  -0.0777   0.141
1881  1  -0.0649   0.167
1881  2  -0.0777   0.129
1881  3  -0.0161   0.155
1881  4   0.0246   0.173
1881  5   0.0188   0.137
1881  6  -0.1253   0.126
1881  7  -0.0587   0.138
1881  8  -0.0487   0.154
1881  9  -0.1976   0.168
1881 10  -0.2665   0.168
1881 11  -0.2972   0.148
1881 12  -0.0945   0.143
1882  1   0.0166   0.154
1882  2  -0.0559   0.133
1882  3   0.0330   0.154
1882  4  -0.1628   0.144
1882  5  -0.1200   0.170
1882  6  -0.2180   0.130
1882  7  -0.2132   0.136
1882  8  -0.1220   0.144
1882  9  -0.0590   0.127
1882 10  -0.1919   0.165
1882 11  -0.1184   0.150
1882 12  -0.2064   0.142
1883  1  -0.2723   0.146
1883  2  -0.2996   0.174
1883  3  -0.1278   0.133
1883  4  -0.2122   0.158
1883  5  -0.1668   0.151
1883  6  -0.0171   0.164
1883  7  -0.0803   0.160
1883  8  -0.0991   0.153
1883  9  -0.1699   0.174
1883 10  -0.2014   0.150
1883 11  -0.2414   0.162
1883 12  -0.1114   0.173
1884  1  -0.1901   0.130
1884  2  -0.1930   0.142
1884  3  -0.2369   0.135
1884  4  -0.2377   0.125
1884  5  -0.1536   0.146
1884  6  -0.2007   0.140
1884  7  -0.2820   0.152
1884  8  -0.2606   0.131
1884  9  -0.2644   0.128
1884 10  -0.2157   0.159
1884 11  -0.3153   0.150
1884 12  -0.1997   0.127
1885  1  -0.4270   0.150
1885  2  -0.3171   0.143
1885  3  -0.1777   0.133
1885  4  -0.2538   0.135
1885  5  -0.2429   0.167
1885  6  -0.3246   0.133
1885  7  -0.2397   0.127
1885  8  -0.2189   0.158
1885  9  -0.1429   0.126
1885 10  -0.0953   0.126
1885 11  -0.0502   0.167
1885 12   0.0730   0.163
1886  1  -0.1463   0.138
1886  2  -0.3465   0.155
1886  3  -0.2574   0.170
1886  4  -0.1370   0.156
1886  5  -0.1194   0.172
1886  6  -0.1993   0.174
1886  7  -0.1170   0.166
1886  8  -0.1420   0.127
1886  9  -0.1457   0.130
1886 10  -0.2158   0.142
1886 11  -0.2496   0.138
1886 12  -0.1104   0.174
1887  1  -0.4090   0.145
1887  2  -0.3910   0.157
1887  3  -0.1951   0.136
1887  4  -0.1829   0.156
1887  5  -0.1881   0.129
1887  6  -0.2293   0.157
1887  7  -0.2221   0.142
1887  8  -0.3015   0.169
1887  9  -0.2346   0.148
1887 10  -0.3132   0.154
1887 11  -0.1944   0.127
1887 12  -0.2277   0.165
1888  1  -0.4626   0.127
1888  2  -0.4061   0.147
1888  3  -0.2854   0.165
1888  4  -0.1556   0.136
1888  5  -0.2002   0.174
1888  6  -0.1009   0.142
1888  7  -0.1344   0.141
1888  8  -0.1687   0.171
1888  9  -0.0958   0.143
1888 10  -0.0318   0.144
1888 11  -0.0556   0.127
1888 12   0.0387   0.154
1889  1  -0.0995   0.166
1889  2   0.0068   0.167
1889  3   0.1258   0.129
1889  4   0.0849   0.133
1889  5  -0.0050   0.126
1889  6  -0.0554   0.130
1889  7  -0.1431   0.159
1889  8  -0.1291   0.173
1889  9  -0.1819   0.168
1889 10  -0.2007   0.126
1889 11  -0.2887   0.139
1889 12  -0.1786   0.169
1890  1  -0.3092   0.145
1890  2  -0.3746   0.148
1890  3  -0.2970   0.172
1890  4  -0.2723   0.150
1890  5  -0.3687   0.159
1890  6  -0.2805   0.143
1890  7  -0.2599   0.169
1890  8  -0.3178   0.132
1890  9  -0.2975   0.126
1890 10  -0.2696   0.164
1890 11  -0.3610   0.157
1890 12  -0.2417   0.153
1891  1  -0.3541   0.160
1891  2  -0.5405   0.149
1891  3  -0.2538   0.145
1891  4  -0.2495   0.174
1891  5  -0.1743   0.151
1891  6  -0.2568   0.148
1891  7  -0.2219   0.148
1891  8  -0.2328   0.170
1891  9  -0.1469   0.131
1891 10  -0.2773   0.131
1891 11  -0.3934   0.143
1891 12  -0.0842   0.137
1892  1  -0.3011   0.129
1892  2  -0.1463   0.135
1892  3  -0.2668   0.170
1892  4  -0.3230   0.133
1892  5  -0.2931   0.157
1892  6  -0.2994   0.148
1892  7  -0.3634   0.152
1892  8  -0.2982   0.131
1892  9  -0.1728   0.126
1892 10  -0.2278   0.146
1892 11  -0.4353   0.150
1892 12  -0.4844   0.139
1893  1  -0.7250   0.129
1893  2  -0.6444   0.152
1893  3  -0.2476   0.152
1893  4  -0.3519   0.125
1893  5  -0.3711   0.143
1893  6  -0.2808   0.144
1893  7  -0.1982   0.162
1893  8  -0.2972   0.167
1893  9  -0.2602   0.165
1893 10  -0.2266   0.156
1893 11  -0.1791   0.154
1893 12  -0.2684   0.138
1894  1  -0.4360   0.157
1894  2  -0.2428   0.151
1894  3  -0.2492   0.157
1894  4  -0.3556   0.145
1894  5  -0.3520   0.153
1894  6  -0.3297   0.131
1894  7  -0.2742   0.170
1894  8  -0.2594   0.157
1894  9  -0.2542   0.147
1894 10  -0.2511   0.147
1894 11  -0.3543   0.162
1894 12  -0.2566   0.170
1895  1  -0.4654   0.154
1895  2  -0.4543   0.135
1895  3  -0.2912   0.168
1895  4  -0.1908   0.163
1895  5  -0.2443   0.174
1895  6  -0.3069   0.155
1895  7  -0.2427   0.148
1895  8  -0.2340   0.159
1895  9  -0.1219   0.145
1895 10  -0.1297   0.165
1895 11  -0.1599   0.136
1895 12  -0.1124   0.155
1896  1  -0.1357   0.170
1896  2  -0.0830   0.164
1896  3  -0.2103   0.170
1896  4  -0.2860   0.175
1896  5  -0.0976   0.133
1896  6  -0.1121   0.153
1896  7  -0.0833   0.169
1896  8  -0.0547   0.148
1896  9  -0.0532   0.160
1896 10   0.0035   0.170
1896 11  -0.1764   0.127
1896 12   0.0481   0.159
1897  1  -0.1828   0.158
1897  2  -0.1193   0.163
1897  3  -0.2239   0.155
1897  4  -0.0362   0.130
1897  5  -0.0866   0.125
1897  6  -0.1600   0.146
1897  7  -0.0735   0.135
1897  8  -0.1396   0.141
1897  9  -0.0280   0.170
1897 10  -0.1496   0.145
1897 11  -0.2589   0.161
1897 12  -0.2841   0.162
1898  1  -0.0630   0.139
1898  2  -0.2873   0.151
1898  3  -0.6496   0.174
1898  4  -0.3588   0.171
1898  5  -0.2964   0.133
1898  6  -0.1979   0.155
1898  7  -0.2644   0.159
1898  8  -0.2539   0.164
1898  9  -0.2365   0.171
1898 10  -0.3491   0.157
1898 11  -0.2889   0.151
1898 12  -0.0518   0.152
1899  1  -0.1119   0.126
1899  2  -0.2962   0.144
1899  3  -0.2856   0.138
1899  4  -0.1826   0.137
1899  5  -0.1829   0.154
1899  6  -0.2656   0.145
1899  7  -0.2001   0.148
1899  8  -0.1192   0.138
1899  9  -0.0544   0.138
1899 10  -0.0761   0.145
1899 11   0.0999   0.137
1899 12  -0.2295   0.128
1900  1  -0.2629   0.163
1900  2  -0.1303   0.160
1900  3  -0.0576   0.152
1900  4  -0.1316   0.133
1900  5  -0.0964   0.127
1900  6  -0.0941   0.126
1900  7  -0.1408   0.142
1900  8  -0.1084   0.158
1900  9  -0.1215   0.172
1900 10  -0.0393   0.146
1900 11  -0.1741   0.171
1900 12  -0.0127   0.131
1901  1  -0.1818   0.140
1901  2  -0.0794   0.156
1901  3  -0.0312   0.165
1901  4  -0.0680   0.157
1901  5  -0.1541   0.141
1901  6  -0.1454   0.172
1901  7  -0.1635   0.139
1901  8  -0.1826   0.141
1901  9  -0.2553   0.155
1901 10  -0.3200   0.158
1901 11  -0.2007   0.141
1901 12  -0.2632   0.162
1902  1  -0.0856   0.151
1902  2  -0.0526   0.148
1902  3  -0.1990   0.164
1902  4  -0.2887   0.133
1902  5  -0.2723   0.128
1902  6  -0.3293   0.165
1902  7  -0.3197   0.157
1902  8  -0.3039   0.169
1902  9  -0.2458   0.129
1902 10  -0.3215   0.172
1902 11  -0.3672   0.135
1902 12  -0.3694   0.158
1903  1  -0.2204   0.152
1903  2  -0.0434   0.161
1903  3  -0.2608   0.149
1903  4  -0.3620   0.159
1903  5  -0.3874   0.135
1903  6  -0.4181   0.128
1903  7  -0.3744   0.131
1903  8  -0.4248   0.128
1903  9  -0.3952   0.159
1903 10  -0.4927   0.128
1903 11  -0.4484   0.139
1903 12  -0.4317   0.144
1904  1  -0.5777   0.128
1904  2  -0.4698   0.128
1904  3  -0.5196   0.153
1904  4  -0.4680   0.142
1904  5  -0.4380   0.143
1904  6  -0.4241   0.169
1904  7  -0.4353   0.167
1904  8  -0.4170   0.166
1904  9  -0.4372   0.134
1904 10  -0.3735   0.158
1904 11  -0.1890   0.175
1904 12  -0.2181   0.144
1905  1  -0.3110   0.141
1905  2  -0.6381   0.142
1905  3  -0.4145   0.160
1905  4  -0.4123   0.157
1905  5  -0.2630   0.150
1905  6  -0.2564   0.150
1905  7  -0.2271   0.174
1905  8  -0.2417   0.143
1905  9  -0.2348   0.152
1905 10  -0.2947   0.148
1905 11  -0.1038   0.146
1905 12  -0.1484   0.162
1906  1  -0.1737   0.154
1906  2  -0.2422   0.133
1906  3  -0.1785   0.137
1906  4  -0.0955   0.145
1906  5  -0.2188   0.147
1906  6  -0.1942   0.126
1906  7  -0.2858   0.168
1906  8  -0.2699   0.144
1906  9  -0.3222   0.165
1906 10  -0.3199   0.159
1906 11  -0.4398   0.133
1906 12  -0.1851   0.125
1907  1  -0.3657   0.165
1907  2  -0.4152   0.162
1907  3  -0.3239   0.144
1907  4  -0.3962   0.151
1907  5  -0.5000   0.127
1907  6  -0.3958   0.152
1907  7  -0.3742   0.129
1907  8  -0.2983   0.142
1907  9  -0.3234   0.154
1907 10  -0.3067   0.170
1907 11  -0.5282   0.165
1907 12  -0.4078   0.126
1908  1  -0.3750   0.137
1908  2  -0.4012   0.128
1908  3  -0.5980   0.155
1908  4  -0.4711   0.135
1908  5  -0.3678   0.158
1908  6  -0.4081   0.130
1908  7  -0.4074   0.153
1908  8  -0.4532   0.134
1908  9  -0.3656   0.128
1908 10  -0.4956   0.143
1908 11  -0.4761   0.142
1908 12  -0.3814   0.151
1909  1  -0.5455   0.162
1909  2  -0.4674   0.171
1909  3  -0.5208   0.127
1909  4  -0.5419   0.166
1909  5  -0.4639   0.152
1909  6  -0.4534   0.155
1909  7  -0.4152   0.135
1909  8  -0.3087   0.138
1909  9  -0.3444   0.153
1909 10  -0.4064   0.162
1909 11  -0.2950   0.130
1909 12  -0.4756   0.151
1910  1  -0.3311   0.154
1910  2  -0.4021   0.147
1910  3  -0.4509   0.156
1910  4  -0.3931   0.152
1910  5  -0.4021   0.164
1910  6  -0.4204   0.154
1910  7  -0.3635   0.135
1910  8  -0.3764   0.132
1910  9  -0.3788   0.169
1910 10  -0.4666   0.171
1910 11  -0.5042   0.148
1910 12  -0.5582   0.134
1911  1  -0.5376   0.155
1911  2  -0.5542   0.139
1911  3  -0.6009   0.142
1911  4  -0.5134   0.125
1911  5  -0.4720   0.131
1911  6  -0.4669   0.154
1911  7  -0.4628   0.159
1911  8  -0.4474   0.169
1911  9  -0.3988   0.174
1911 10  -0.3522   0.169
1911 11  -0.2744   0.133
1911 12  -0.2448   0.166
1912  1  -0.3060   0.173
1912  2  -0.1604   0.174
1912  3  -0.3891   0.143
1912  4  -0.2792   0.145
1912  5  -0.2974   0.152
1912  6  -0.3083   0.144
1912  7  -0.3843   0.136
1912  8  -0.5074   0.141
1912  9  -0.5471   0.149
1912 10  -0.5704   0.129
1912 11  -0.4618   0.174
1912 12  -0.4235   0.170
1913  1  -0.4125   0.160
1913  2  -0.4296   0.129
1913  3  -0.4325   0.135
1913  4  -0.3744   0.143
1913  5  -0.4292   0.130
1913  6  -0.4033   0.165
1913  7  -0.3851   0.161
1913  8  -0.3654   0.143
1913  9  -0.3930   0.141
1913 10  -0.3540   0.140
1913 11  -0.1853   0.154
1913 12  -0.0971   0.161
1914  1   0.0410   0.131
1914  2  -0.1764   0.148
1914  3  -0.2035   0.133
1914  4  -0.3014   0.128
1914  5  -0.2234   0.127
1914  6  -0.2678   0.143
1914  7  -0.2907   0.151
1914  8  -0.2511   0.172
1914  9  -0.2150   0.130
1914 10  -0.1402   0.149
1914 11  -0.1672   0.133
1914 12  -0.1640   0.162
1915  1  -0.1881   0.166
1915  2  -0.0655   0.168
1915  3  -0.1583   0.129
1915  4  -0.0790   0.173
1915  5  -0.1376   0.131
1915  6  -0.1219   0.131
1915  7  -0.0848   0.126
1915  8  -0.0945   0.168
1915  9  -0.1514   0.127
1915 10  -0.2138   0.175
1915 11  -0.0447   0.126
1915 12  -0.0518   0.151
1916  1  -0.1989   0.145
1916  2  -0.2360   0.129
1916  3  -0.3235   0.158
1916  4  -0.2341   0.143
1916  5  -0.2664   0.137
1916  6  -0.3918   0.139
1916  7  -0.2795   0.174
1916  8  -0.3218   0.133
1916  9  -0.2988   0.161
1916 10  -0.2938   0.164
1916 11  -0.3651   0.175
1916 12  -0.5714   0.158
1917  1  -0.4282   0.145
1917  2  -0.4770   0.151
1917  3  -0.4600   0.147
1917  4  -0.3588   0.139
1917  5  -0.4946   0.129
1917  6  -0.3715   0.150
1917  7  -0.2060   0.141
1917  8  -0.2127   0.174
1917  9  -0.1447   0.172
1917 10  -0.3351   0.169
1917 11  -0.1757   0.142
1917 12  -0.5442   0.147
1918  1  -0.2401   0.168
1918  2  -0.2972   0.158
1918  3  -0.2124   0.170
1918  4  -0.3181   0.152
1918  5  -0.2876   0.171
1918  6  -0.2232   0.135
1918  7  -0.2394   0.137
1918  8  -0.2065   0.165
1918  9  -0.2055   0.174
1918 10  -0.1412   0.140
1918 11  -0.1524   0.162
1918 12  -0.4028   0.130
1919  1  -0.3067   0.161
1919  2  -0.1326   0.171
1919  3  -0.2857   0.175
1919  4  -0.1148   0.166
1919  5  -0.2613   0.172
1919  6  -0.2910   0.165
1919  7  -0.2826   0.149
1919  8  -0.2473   0.163
1919  9  -0.2084   0.153
1919 10  -0.2617   0.161
1919 11  -0.3918   0.148
1919 12  -0.3414   0.161
1920  1  -0.1641   0.160
1920  2  -0.2499   0.129
1920  3  -0.0865   0.149
1920  4  -0.2149   0.150
1920  5  -0.1898   0.159
1920  6  -0.2330   0.142
1920  7  -0.2095   0.132
1920  8  -0.2353   0.168
1920  9  -0.2515   0.152
1920 10  -0.2796   0.172
1920 11  -0.3197   0.150
1920 12  -0.4433   0.129
1921  1  -0.1007   0.147
1921  2  -0.1885   0.163
1921  3  -0.2324   0.170
1921  4  -0.1882   0.137
1921  5  -0.1396   0.128
1921  6  -0.1587   0.147
1921  7  -0.1257   0.149
1921  8  -0.2140   0.158
1921  9  -0.1796   0.156
1921 10  -0.1197   0.142
1921 11  -0.2566   0.152
1921 12  -0.1461   0.132
1922  1  -0.3402   0.175
1922  2  -0.3038   0.174
1922  3  -0.1297   0.146
1922  4  -0.1706   0.158
1922  5  -0.2752   0.167
1922  6  -0.3073   0.172
1922  7  -0.2941   0.141
1922  8  -0.2923   0.144
1922  9  -0.2787   0.128
1922 10  -0.2751   0.150
1922 11  -0.2265   0.126
1922 12  -0.2059   0.149
1923  1  -0.2310   0.137
1923  2  -0.3769   0.154
1923  3  -0.2743   0.147
1923  4  -0.3511   0.136
1923  5  -0.2645   0.157
1923  6  -0.2232   0.125
1923  7  -0.3170   0.164
1923  8  -0.2985   0.173
1923  9  -0.2776   0.147
1923 10  -0.1870   0.168
1923 11  -0.0176   0.133
1923 12  -0.0229   0.157
1924  1  -0.2439   0.151
1924  2  -0.1740   0.145
1924  3  -0.1001   0.127
1924  4  -0.2378   0.132
1924  5  -0.2151   0.158
1924  6  -0.2237   0.146
1924  7  -0.2223   0.145
1924  8  -0.2670   0.149
1924  9  -0.2515   0.150
1924 10  -0.2584   0.147
1924 11  -0.2220   0.149
1924 12  -0.3744   0.136
1925  1  -0.3244   0.133
1925  2  -0.2921   0.164
1925  3  -0.1761   0.141
1925  4  -0.1334   0.174
1925  5  -0.2329   0.168
1925  6  -0.2506   0.134
1925  7  -0.2255   0.136
1925  8  -0.1578   0.141
1925  9  -0.1175   0.154
1925 10  -0.1603   0.155
1925 11   0.0080   0.161
1925 12   0.1019   0.154
1926  1   0.1284   0.157
1926  2   0.0594   0.126
1926  3   0.0778   0.172
1926  4  -0.1226   0.131
1926  5  -0.1335   0.141
1926  6  -0.1402   0.166
1926  7  -0.1745   0.163
1926  8  -0.0938   0.171
1926  9  -0.0862   0.146
1926 10  -0.0624   0.160
1926 11  -0.0731   0.151
1926 12  -0.1805   0.166
1927  1  -0.1460   0.158
1927  2  -0.1786   0.164
1927  3  -0.2188   0.142
1927  4  -0.1898   0.168
1927  5  -0.1712   0.148
1927  6  -0.1687   0.154
1927  7  -0.1048   0.144
1927  8  -0.1204   0.144
1927  9  -0.0175   0.162
1927 10   0.0441   0.162
1927 11  -0.0327   0.152
1927 12  -0.2769   0.140
1928  1  -0.0419   0.147
1928  2  -0.1108   0.174
1928  3  -0.2233   0.163
1928  4  -0.2014   0.126
1928  5  -0.1403   0.151
1928  6  -0.2264   0.130
1928  7  -0.1412   0.167
1928  8  -0.1646   0.163
1928  9  -0.1375   0.171
1928 10  -0.0894   0.135
1928 11  -0.0085   0.162
1928 12  -0.1040   0.165
1929  1  -0.4023   0.148
1929  2  -0.4834   0.157
1929  3  -0.2256   0.158
1929  4  -0.2393   0.138
1929  5  -0.2379   0.129
1929  6  -0.2597   0.173
1929  7  -0.2733   0.168
1929  8  -0.1659   0.157
1929  9  -0.1573   0.133
1929 10  -0.0693   0.132
1929 11  -0.0449   0.142
1929 12  -0.4500   0.156
1930  1  -0.2724   0.136
1930  2  -0.1496   0.155
1930  3   0.0201   0.130
1930  4  -0.1624   0.172
1930  5  -0.1687   0.154
1930  6  -0.0642   0.164
1930  7  -0.0504   0.158
1930  8  -0.0516   0.141
1930  9  -0.0599   0.173
1930 10   0.0235   0.150
1930 11   0.1718   0.163
1930 12   0.0422   0.139
1931  1   0.0053   0.153
1931  2  -0.2065   0.140
1931  3   0.0339   0.165
1931  4  -0.1065   0.146
1931  5  -0.1053   0.159
1931  6  -0.0231   0.131
1931  7   0.0131   0.129
1931  8   0.0165   0.136
1931  9   0.0310   0.148
1931 10   0.0576   0.172
1931 11  -0.0665   0.163
1931 12  -0.0386   0.159
1932  1   0.2100   0.165
1932  2  -0.1182   0.125
1932  3  -0.1234   0.171
1932  4   0.0272   0.149
1932  5  -0.1059   0.148
1932  6  -0.1061   0.159
1932  7  -0.0780   0.135
1932  8  -0.1262   0.173
1932  9  -0.0001   0.159
1932 10   0.0179   0.143
1932 11  -0.1155   0.165
1932 12  -0.1306   0.171
1933  1  -0.2496   0.165
1933  2  -0.2778   0.168
1933  3  -0.1947   0.160
1933  4  -0.1752   0.149
1933  5  -0.1731   0.155
1933  6  -0.1710   0.155
1933  7  -0.1366   0.160
1933  8  -0.1382   0.163
1933  9  -0.1655   0.140
1933 10  -0.1312   0.150
1933 11  -0.1882   0.158
1933 12  -0.3428   0.141
1934  1  -0.2428   0.141
1934  2   0.0351   0.126
1934  3  -0.2284   0.149
1934  4  -0.1960   0.134
1934  5  -0.0063   0.142
1934  6   0.0420   0.141
1934  7  -0.0152   0.140
1934  8  -0.0014   0.143
1934  9  -0.1085   0.173
1934 10  -0.0203   0.150
1934 11   0.0801   0.141
1934 12   0.0426   0.164
1935  1  -0.2051   0.159
1935  2   0.2337   0.160
1935  3  -0.1038   0.129
1935  4  -0.1954   0.139
1935  5  -0.1546   0.134
1935  6  -0.1140   0.135
1935  7  -0.0564   0.128
1935  8  -0.0571   0.163
1935  9  -0.0306   0.168
1935 10   0.0475   0.163
1935 11  -0.2287   0.139
1935 12  -0.1376   0.132
1936  1  -0.1897   0.129
1936  2  -0.2491   0.152
1936  3  -0.1560   0.154
1936  4  -0.1322   0.166
1936  5  -0.0561   0.140
1936  6  -0.0504   0.150
1936  7   0.0444   0.171
1936  8   0.0006   0.160
1936  9   0.0106   0.144
1936 10   0.0271   0.162
1936 11   0.0189   0.140
1936 12   0.0354   0.139
1937  1  -0.1029   0.164
1937  2   0.1129   0.130
1937  3  -0.1103   0.172
1937  4  -0.0500   0.126
1937  5   0.0511   0.144
1937  6   0.0926   0.142
1937  7   0.0586   0.147
1937  8   0.1452   0.152
1937  9   0.1960   0.142
1937 10   0.1803   0.167
1937 11   0.0846   0.131
1937 12  -0.0091   0.171
1938  1   0.0663   0.169
1938  2   0.0472   0.129
1938  3   0.1514   0.164
1938  4   0.1495   0.170
1938  5   0.0647   0.140
1938  6   0.0115   0.168
1938  7   0.0761   0.160
1938  8   0.0855   0.162
1938  9   0.1512   0.167
1938 10   0.1865   0.138
1938 11   0.1210   0.164
1938 12  -0.1276   0.148
1939  1  -0.0267   0.170
1939  2   0.0087   0.169
1939  3  -0.1062   0.139
1939  4  -0.0411   0.163
1939  5   0.0571   0.126
1939  6   0.0672   0.160
1939  7   0.0651   0.172
1939  8   0.1036   0.140
1939  9   0.0494   0.149
1939 10   0.0254   0.161
1939 11   0.1179   0.164
1939 12   0.4627   0.126
1940  1  -0.0806   0.167
1940  2   0.0850   0.169
1940  3   0.1245   0.165
1940  4   0.1917   0.173
1940  5   0.0929   0.164
1940  6   0.1324   0.126
1940  7   0.1534   0.126
1940  8   0.0561   0.166
1940  9   0.1459   0.150
1940 10   0.1071   0.156
1940 11   0.0847   0.127
1940 12   0.2218   0.134
1941  1   0.1173   0.163
1941  2   0.2014   0.157
1941  3   0.0838   0.146
1941  4   0.2258   0.136
1941  5   0.2027   0.131
1941  6   0.1568   0.127
1941  7   0.1719   0.168
1941  8   0.1225   0.128
1941  9   0.0342   0.132
1941 10   0.2730   0.157
1941 11   0.1548   0.167
1941 12   0.1566   0.155
1942  1   0.2859   0.152
1942  2   0.0721   0.138
1942  3   0.1472   0.146
1942  4   0.1563   0.132
1942  5   0.1545   0.129
1942  6   0.1537   0.174
1942  7   0.0414   0.145
1942  8   0.0145   0.152
1942  9   0.0515   0.174
1942 10   0.0989   0.170
1942 11   0.1171   0.162
1942 12   0.0985   0.158
1943  1  -0.0882   0.149
1943  2   0.0878   0.140
1943  3  -0.0019   0.146
1943  4   0.1135   0.167
1943  5   0.0949   0.158
1943  6  -0.0229   0.126
1943  7   0.1593   0.142
1943  8   0.0790   0.145
1943  9   0.1273   0.128
1943 10   0.2627   0.127
1943 11   0.2087   0.166
1943 12   0.2994   0.141
1944  1   0.3302   0.141
1944  2   0.2021   0.137
1944  3   0.2714   0.156
1944  4   0.1676   0.157
1944  5   0.2376   0.134
1944  6   0.2590   0.161
1944  7   0.2639   0.137
1944  8   0.2111   0.174
1944  9   0.3084   0.132
1944 10   0.2439   0.160
1944 11   0.1017   0.137
1944 12  -0.0117   0.171
1945  1   0.0249   0.147
1945  2  -0.1168   0.143
1945  3   0.0205   0.165
1945  4   0.1905   0.170
1945  5   0.0922   0.170
1945  6   0.0757   0.125
1945  7   0.0786   0.166
1945  8   0.3049   0.143
1945  9   0.1932   0.146
1945 10   0.1802   0.169
1945 11   0.1380   0.145
1945 12  -0.1051   0.150
1946  1   0.2153   0.153
1946  2   0.0967   0.148
1946  3  -0.0358   0.141
1946  4   0.0627   0.172
1946  5  -0.1153   0.161
1946  6  -0.1440   0.140
1946  7  -0.0637   0.169
1946  8  -0.0847   0.168
1946  9  -0.0412   0.166
1946 10  -0.0653   0.168
1946 11  -0.0419   0.148
1946 12  -0.3033   0.157
1947  1  -0.2028   0.134
1947  2  -0.1054   0.132
1947  3  -0.0082   0.166
1947  4   0.0112   0.170
1947  5  -0.0382   0.162
1947  6  -0.0103   0.143
1947  7  -0.0258   0.163
1947  8  -0.0539   0.147
1947  9  -0.0952   0.152
1947 10   0.0759   0.172
1947 11   0.0116   0.131
1947 12  -0.1035   0.141
1948  1   0.0952   0.168
1948  2  -0.0939   0.164
1948  3  -0.1869   0.157
1948  4  -0.0572   0.140
1948  5   0.0574   0.153
1948  6  -0.0285   0.172
1948  7  -0.0605   0.149
1948  8  -0.0559   0.143
1948  9  -0.1036   0.127
1948 10  -0.0703   0.137
1948 11  -0.0813   0.158
1948 12  -0.1067   0.175
1949  1   0.1396   0.155
1949  2  -0.1389   0.143
1949  3  -0.0776   0.160
1949  4  -0.0158   0.156
1949  5  -0.0312   0.134
1949  6  -0.1509   0.167
1949  7  -0.0952   0.171
1949  8  -0.0311   0.128
1949  9  -0.0969   0.143
1949 10  -0.0543   0.168
1949 11  -0.0583   0.146
1949 12  -0.2062   0.132
1950  1  -0.2908   0.130
1950  2  -0.2509   0.156
1950  3  -0.0731   0.161
1950  4  -0.1545   0.170
1950  5  -0.0446   0.135
1950  6  -0.0650   0.165
1950  7  -0.1274   0.149
1950  8  -0.1469   0.163
1950  9  -0.0895   0.170
1950 10  -0.1495   0.155
1950 11  -0.3405   0.159
1950 12  -0.1648   0.156
1951  1  -0.2707   0.166
1951  2  -0.3872   0.174
1951  3  -0.1619   0.150
1951  4  -0.0773   0.143
1951  5   0.0801   0.130
1951  6   0.0582   0.145
1951  7   0.1240   0.128
1951  8   0.1189   0.157
1951  9   0.1459   0.138
1951 10   0.1257   0.167
1951 11   0.0258   0.169
1951 12   0.1989   0.165
1952  1   0.1546   0.146
1952  2   0.0963   0.135
1952  3  -0.0360   0.144
1952  4   0.0889   0.140
1952  5   0.0661   0.158
1952  6   0.0622   0.159
1952  7   0.0948   0.143
1952  8   0.0656   0.160
1952  9   0.0845   0.163
1952 10  -0.0153   0.130
1952 11  -0.1732   0.163
1952 12   0.0031   0.139
1953  1   0.1241   0.141
1953  2   0.1958   0.163
1953  3   0.1800   0.171
1953  4   0.2124   0.136
1953  5   0.1554   0.170
1953  6   0.1328   0.137
1953  7   0.0725   0.128
1953  8   0.0982   0.157
1953  9   0.0834   0.146
1953 10   0.0938   0.150
1953 11  -0.0267   0.141
1953 12   0.0853   0.131
1954  1  -0.2005   0.129
1954  2  -0.0818   0.140
1954  3  -0.0978   0.137
1954  4  -0.1518   0.131
1954  5  -0.1804   0.147
1954  6  -0.0869   0.150
1954  7  -0.1081   0.150
1954  8  -0.0812   0.129
1954  9  -0.0289   0.156
1954 10  -0.0416   0.131
1954 11   0.0579   0.158
1954 12  -0.1645   0.152
1955  1   0.1238   0.141
1955  2  -0.0942   0.137
1955  3  -0.2789   0.151
1955  4  -0.2130   0.128
1955  5  -0.1273   0.138
1955  6  -0.0816   0.132
1955  7  -0.0808   0.140
1955  8   0.0073   0.149
1955  9  -0.0538   0.145
1955 10  -0.0981   0.161
1955 11  -0.2087   0.154
1955 12  -0.2460   0.168
1956  1  -0.1643   0.150
1956  2  -0.2329   0.152
1956  3  -0.1512   0.138
1956  4  -0.2430   0.172
1956  5  -0.1950   0.164
1956  6  -0.1299   0.137
1956  7  -0.1159   0.172
1956  8  -0.1747   0.142
1956  9  -0.2153   0.140
1956 10  -0.1706   0.169
1956 11  -0.1259   0.132
1956 12  -0.1379   0.155
1957  1  -0.0848   0.125
1957  2  -0.0954   0.154
1957  3  -0.0611   0.149
1957  4  -0.0011   0.128
1957  5   0.1207   0.170
1957  6   0.1650   0.175
1957  7   0.0848   0.148
1957  8   0.1551   0.173
1957  9   0.1020   0.132
1957 10   0.0364   0.153
1957 11   0.1517   0.145
1957 12   0.2534   0.156
1958  1   0.3190   0.151
1958  2   0.2434   0.169
1958  3   0.1362   0.157
1958  4   0.1147   0.134
1958  5   0.1090   0.143
1958  6   0.0522   0.139
1958  7   0.0707   0.127
1958  8   0.0578   0.152
1958  9   0.0127   0.162
1958 10   0.0494   0.164
1958 11   0.1217   0.146
1958 12   0.1661   0.159
1959  1   0.1544   0.150
1959  2   0.0827   0.140
1959  3   0.1943   0.172
1959  4   0.1280   0.173
1959  5   0.0506   0.151
1959  6   0.1019   0.142
1959  7   0.0851   0.138
1959  8   0.0722   0.139
1959  9   0.1099   0.152
1959 10  -0.0007   0.164
1959 11  -0.0559   0.170
1959 12   0.0116   0.154
1960  1   0.0134   0.169
1960  2   0.1934   0.142
1960  3  -0.1984   0.158
1960  4  -0.0755   0.132
1960  5  -0.0869   0.172
1960  6   0.0813   0.144
1960  7   0.0288   0.138
1960  8   0.0493   0.146
1960  9   0.0835   0.160
1960 10   0.0549   0.127
1960 11  -0.0331   0.174
1960 12   0.2282   0.153
1961  1   0.1204   0.171
1961  2   0.1888   0.156
1961  3   0.1739   0.157
1961  4   0.1448   0.146
1961  5   0.1780   0.150
1961  6   0.1703   0.126
1961  7   0.0797   0.174
1961  8   0.0831   0.170
1961  9   0.0358   0.156
1961 10  -0.0013   0.161
1961 11   0.0485   0.157
1961 12  -0.0015   0.141
1962  1   0.1533   0.156
1962  2   0.2012   0.137
1962  3   0.1487   0.129
1962  4   0.1149   0.169
1962  5   0.0904   0.159
1962  6   0.0798   0.137
1962  7   0.1372   0.130
1962  8   0.1016   0.140
1962  9   0.1040   0.156
1962 10   0.1364   0.153
1962 11   0.1355   0.148
1962 12   0.1421   0.168
1963  1   0.0827   0.174
1963  2   0.3083   0.157
1963  3   0.0107   0.156
1963  4   0.0136   0.142
1963  5   0.0526   0.137
1963  6   0.0798   0.155
1963  7   0.1849   0.140
1963  8   0.1962   0.130
1963  9   0.2001   0.168
1963 10   0.2748   0.138
1963 11   0.2461   0.127
1963 12   0.1210   0.150
1964  1   0.0678   0.148
1964  2  -0.0776   0.169
1964  3  -0.1074   0.128
1964  4  -0.1601   0.128
1964  5  -0.0620   0.142
1964  6  -0.0543   0.157
1964  7  -0.0730   0.130
1964  8  -0.1358   0.167
1964  9  -0.1827   0.132
1964 10  -0.2279   0.128
1964 11  -0.1532   0.129
1964 12  -0.2185   0.160
1965  1  -0.0298   0.158
1965  2  -0.1584   0.146
1965  3  -0.0631   0.172
1965  4  -0.1592   0.138
1965  5  -0.0378   0.129
1965  6  -0.0175   0.170
1965  7  -0.0580   0.152
1965  8  -0.0354   0.156
1965  9  -0.0397   0.175
1965 10   0.0391   0.173
1965 11  -0.0612   0.167
1965 12   0.0207   0.146
1966  1  -0.0116   0.125
1966  2  -0.0058   0.146
1966  3   0.0423   0.128
1966  4  -0.0588   0.126
1966  5  -0.0183   0.172
1966  6   0.0757   0.170
1966  7   0.0810   0.163
1966  8   0.0476   0.149
1966  9   0.0561   0.155
1966 10  -0.0152   0.172
1966 11  -0.0047   0.145
1966 12  -0.0836   0.133
1967  1  -0.0610   0.143
1967  2  -0.1198   0.155
1967  3   0.0508   0.149
1967  4   0.0529   0.164
1967  5   0.1648   0.159
1967  6   0.0010   0.161
1967  7   0.0139   0.136
1967  8   0.0142   0.156
1967  9  -0.0162   0.131
1967 10   0.1699   0.174
1967 11   0.0033   0.157
1967 12   0.0053   0.161
1968  1  -0.1420   0.130
1968  2  -0.0736   0.158
1968  3   0.2118   0.127
1968  4  -0.0254   0.166
1968  5  -0.0556   0.134
1968  6   0.0226   0.164
1968  7   0.0281   0.173
1968  8   0.0239   0.131
1968  9   0.0240   0.166
1968 10   0.0782   0.165
1968 11   0.0416   0.162
1968 12  -0.0034   0.137
1969  1  -0.1108   0.173
1969  2  -0.0825   0.167
1969  3   0.1386   0.135
1969  4   0.1944   0.131
1969  5   0.1686   0.170
1969  6   0.0975   0.133
1969  7   0.1184   0.147
1969  8   0.1140   0.135
1969  9   0.1040   0.162
1969 10   0.1162   0.163
1969 11   0.2441   0.139
1969 12   0.2846   0.160
1970  1   0.1384   0.160
1970  2   0.2709   0.159
1970  3   0.0562   0.143
1970  4   0.1539   0.149
1970  5   0.0810   0.156
1970  6   0.0725   0.142
1970  7   0.0280   0.128
1970  8   0.0148   0.141
1970  9   0.0335   0.130
1970 10  -0.0088   0.127
1970 11   0.0523   0.129
1970 12  -0.0508   0.172
1971  1   0.0397   0.162
1971  2  -0.1630   0.125
1971  3  -0.0944   0.173
1971  4  -0.0816   0.142
1971  5  -0.0372   0.138
1971  6  -0.0872   0.133
1971  7  -0.0197   0.144
1971  8  -0.0254   0.143
1971  9   0.0065   0.155
1971 10  -0.0124   0.141
1971 11   0.0890   0.157
1971 12   0.0337   0.162
1972  1  -0.2115   0.174
1972  2  -0.1397   0.142
1972  3   0.0260   0.145
1972  4   0.0551   0.139
1972  5   0.0637   0.146
1972  6   0.1236   0.174
1972  7   0.1009   0.174
1972  8   0.1199   0.174
1972  9   0.0402   0.131
1972 10   0.1199   0.172
1972 11   0.1097   0.142
1972 12   0.2869   0.150
1973  1   0.2803   0.149
1973  2   0.4027   0.143
1973  3   0.3580   0.172
1973  4   0.2773   0.167
1973  5   0.2294   0.160
1973  6   0.2373   0.156
1973  7   0.1466   0.156
1973  8   0.1067   0.151
1973  9   0.0902   0.138
1973 10   0.0815   0.133
1973 11   0.0498   0.140
1973 12   0.0607   0.138
1974  1  -0.1862   0.170
1974  2  -0.2178   0.142
1974  3  -0.0274   0.130
1974  4  -0.0254   0.158
1974  5  -0.0077   0.159
1974  6  -0.0265   0.131
1974  7   0.0369   0.138
1974  8   0.0267   0.156
1974  9  -0.0144   0.152
1974 10  -0.0565   0.144
1974 11  -0.0470   0.158
1974 12  -0.0650   0.135
1975  1   0.1334   0.140
1975  2   0.0460   0.129
1975  3   0.1287   0.141
1975  4   0.0877   0.129
1975  5   0.0810   0.145
1975  6   0.0657   0.171
1975  7   0.0339   0.164
1975  8  -0.0465   0.126
1975  9   0.0228   0.174
1975 10  -0.1141   0.127
1975 11  -0.1264   0.149
1975 12  -0.0858   0.168
1976  1  -0.0169   0.147
1976  2  -0.1233   0.149
1976  3  -0.2376   0.162
1976  4  -0.0131   0.137
1976  5  -0.0962   0.174
1976  6  -0.0729   0.136
1976  7  -0.0723   0.173
1976  8  -0.0712   0.168
1976  9  -0.0214   0.158
1976 10  -0.1783   0.133
1976 11  -0.0465   0.169
1976 12   0.0724   0.136
1977  1   0.0237   0.143
1977  2   0.1997   0.170
1977  3   0.2844   0.147
1977  4   0.2583   0.126
1977  5   0.2329   0.142
1977  6   0.2575   0.137
1977  7   0.1725   0.141
1977  8   0.1231   0.153
1977  9   0.1565   0.172
1977 10   0.0937   0.144
1977 11   0.2503   0.127
1977 12   0.1111   0.134
1978  1   0.1488   0.160
1978  2   0.1184   0.145
1978  3   0.2034   0.156
1978  4   0.1113   0.140
1978  5   0.0496   0.158
1978  6   0.0574   0.171
1978  7   0.0606   0.163
1978  8   0.0025   0.158
1978  9   0.0737   0.173
1978 10   0.0607   0.157
1978 11   0.2072   0.155
1978 12   0.1199   0.154
1979  1   0.1239   0.131
1979  2   0.0580   0.136
1979  3   0.2125   0.135
1979  4   0.0755   0.137
1979  5   0.1256   0.166
1979  6   0.1787   0.168
1979  7   0.1362   0.137
1979  8   0.1820   0.156
1979  9   0.2097   0.142
1979 10   0.2472   0.126
1979 11   0.2540   0.134
1979 12   0.4599   0.126
1980  1   0.2600   0.155
1980  2   0.3042   0.130
1980  3   0.2106   0.130
1980  4   0.2864   0.148
1980  5   0.2872   0.138
1980  6   0.2244   0.146
1980  7   0.1877   0.160
1980  8   0.1744   0.150
1980  9   0.1827   0.173
1980 10   0.1537   0.128
1980 11   0.2937   0.168
1980 12   0.2266   0.174
1981  1   0.4354   0.168
1981  2   0.3379   0.158
1981  3   0.3817   0.170
1981  4   0.3248   0.148
1981  5   0.2393   0.151
1981  6   0.2557   0.132
1981  7   0.1985   0.170
1981  8   0.2237   0.132
1981  9   0.1627   0.147
1981 10   0.1328   0.133
1981 11   0.1820   0.167
1981 12   0.3950   0.168
1982  1   0.1025   0.151
1982  2   0.1363   0.132
1982  3   0.0514   0.154
1982  4   0.1723   0.133
1982  5   0.1609   0.135
1982  6   0.1095   0.163
1982  7   0.1359   0.133
1982  8   0.1236   0.128
1982  9   0.1879   0.137
1982 10   0.1434   0.126
1982 11   0.1242   0.162
1982 12   0.3978   0.174
1983  1   0.4814   0.138
1983  2   0.4447   0.130
1983  3   0.3917   0.132
1983  4   0.2712   0.147
1983  5   0.2791   0.139
1983  6   0.2579   0.128
1983  7   0.2593   0.165
1983  8   0.2941   0.140
1983  9   0.2953   0.175
1983 10   0.1899   0.139
1983 11   0.4133   0.126
1983 12   0.2445   0.132
1984  1   0.2416   0.163
1984  2   0.1323   0.168
1984  3   0.2396   0.172
1984  4   0.1272   0.158
1984  5   0.2749   0.146
1984  6   0.1226   0.126
1984  7   0.1095   0.137
1984  8   0.1583   0.154
1984  9   0.1052   0.154
1984 10   0.0984   0.136
1984 11   0.0267   0.168
1984 12  -0.0989   0.142
1985  1   0.1632   0.127
1985  2   0.0016   0.164
1985  3   0.1643   0.125
1985  4   0.1144   0.132
1985  5   0.1688   0.140
1985  6   0.1231   0.163
1985  7   0.0473   0.151
1985  8   0.1026   0.152
1985  9   0.0707   0.159
1985 10   0.1033   0.153
1985 11   0.0917   0.160
1985 12   0.1569   0.171
1986  1   0.2777   0.134
1986  2   0.2353   0.140
1986  3   0.2608   0.174
1986  4   0.2322   0.130
1986  5   0.2320   0.153
1986  6   0.2426   0.169
1986  7   0.1518   0.143
1986  8   0.1456   0.136
1986  9   0.1450   0.175
1986 10   0.1699   0.142
1986 11   0.1175   0.165
1986 12   0.1765   0.160
1987  1   0.2690   0.155
1987  2   0.4562   0.134
1987  3   0.2100   0.134
1987  4   0.2705   0.151
1987  5   0.3103   0.133
1987  6   0.2799   0.163
1987  7   0.3830   0.149
1987  8   0.3455   0.174
1987  9   0.3927   0.146
1987 10   0.2892   0.152
1987 11   0.2956   0.128
1987 12   0.4968   0.127
1988  1   0.5140   0.146
1988  2   0.3432   0.144
1988  3   0.4446   0.138
1988  4   0.4093   0.175
1988  5   0.3491   0.153
1988  6   0.3612   0.131
1988  7   0.3161   0.154
1988  8   0.2956   0.167
1988  9   0.2950   0.130
1988 10   0.2827   0.142
1988 11   0.2016   0.135
1988 12   0.3210   0.135
1989  1   0.1811   0.129
1989  2   0.2833   0.139
1989  3   0.3006   0.163
1989  4   0.2545   0.142
1989  5   0.2471   0.132
1989  6   0.2516   0.164
1989  7   0.2849   0.173
1989  8   0.2814   0.157
1989  9   0.2829   0.133
1989 10   0.2844   0.169
1989 11   0.2156   0.138
1989 12   0.3699   0.127
1990  1   0.3175   0.149
1990  2   0.3675   0.151
1990  3   0.7028   0.125
1990  4   0.4666   0.133
1990  5   0.3985   0.141
1990  6   0.3818   0.155
1990  7   0.3158   0.146
1990  8   0.3264   0.158
1990  9   0.2900   0.159
1990 10   0.3869   0.143
1990 11   0.4427   0.175
1990 12   0.4165   0.174
1991  1   0.4288   0.155
1991  2   0.4408   0.134
1991  3   0.3533   0.173
1991  4   0.4888   0.149
1991  5   0.3815   0.152
1991  6   0.4561   0.169
1991  7   0.4189   0.140
1991  8   0.3547   0.164
1991  9   0.3405   0.144
1991 10   0.3039   0.147
1991 11   0.3023   0.153
1991 12   0.2843   0.154
1992  1   0.4512   0.135
1992  2   0.4291   0.146
1992  3   0.4122   0.140
1992  4   0.2755   0.152
1992  5   0.3067   0.161
1992  6   0.2656   0.170
1992  7   0.1217   0.126
1992  8   0.1187   0.159
1992  9   0.0456   0.144
1992 10   0.0838   0.134
1992 11   0.0641   0.158
1992 12   0.2632   0.157
1993  1   0.3655   0.130
1993  2   0.3885   0.137
1993  3   0.3994   0.145
1993  4   0.2791   0.169
1993  5   0.3165   0.142
1993  6   0.2671   0.132
1993  7   0.2197   0.160
1993  8   0.1982   0.158
1993  9   0.1450   0.149
1993 10   0.2168   0.127
1993 11   0.0840   0.155
1993 12   0.3037   0.125
1994  1   0.2548   0.172
1994  2   0.0544   0.151
1994  3   0.3522   0.146
1994  4   0.3547   0.136
1994  5   0.3656   0.137
1994  6   0.3585   0.133
1994  7   0.2984   0.146
1994  8   0.2966   0.143
1994  9   0.3118   0.144
1994 10   0.4276   0.158
1994 11   0.4446   0.147
1994 12   0.4129   0.140
1995  1   0.5417   0.139
1995  2   0.6848   0.158
1995  3   0.4488   0.150
1995  4   0.4061   0.135
1995  5   0.3507   0.166
1995  6   0.4690   0.156
1995  7   0.4269   0.130
1995  8   0.4874   0.146
1995  9   0.3745   0.154
1995 10   0.4277   0.157
1995 11   0.4504   0.133
1995 12   0.3446   0.148
1996  1   0.2544   0.138
1996  2   0.4467   0.140
1996  3   0.3041   0.174
1996  4   0.2621   0.150
1996  5   0.3910   0.140
1996  6   0.3534   0.128
1996  7   0.3260   0.145
1996  8   0.3196   0.142
1996  9   0.2730   0.175
1996 10   0.2418   0.129
1996 11   0.2960   0.157
1996 12   0.3827   0.134
1997  1   0.3684   0.150
1997  2   0.4342   0.148
1997  3   0.4846   0.148
1997  4   0.4504   0.163
1997  5   0.4275   0.162
1997  6   0.5366   0.143
1997  7   0.5042   0.174
1997  8   0.5355   0.125
1997  9   0.6166   0.147
1997 10   0.6460   0.129
1997 11   0.5659   0.142
1997 12   0.6313   0.138
1998  1   0.6028   0.125
1998  2   0.8553   0.167
1998  3   0.6484   0.146
1998  4   0.7443   0.162
1998  5   0.6628   0.151
1998  6   0.6620   0.150
1998  7   0.7297   0.131
1998  8   0.6955   0.139
1998  9   0.5327   0.167
1998 10   0.4857   0.145
1998 11   0.4108   0.159
1998 12   0.5768   0.134
1999  1   0.5187   0.143
1999  2   0.6963   0.127
1999  3   0.3707   0.141
1999  4   0.4789   0.154
1999  5   0.4045   0.137
1999  6   0.4288   0.135
1999  7   0.4255   0.171
1999  8   0.3872   0.151
1999  9   0.4040   0.154
1999 10   0.3860   0.152
1999 11   0.3774   0.157
1999 12   0.5861   0.126
2000  1   0.3312   0.164
2000  2   0.5382   0.158
2000  3   0.5327   0.159
2000  4   0.6413   0.149
2000  5   0.4824   0.152
2000  6   0.4183   0.131
2000  7   0.3996   0.134
2000  8   0.4727   0.170
2000  9   0.4523   0.141
2000 10   0.3097   0.164
2000 11   0.2480   0.126
2000 12   0.3139   0.163
2001  1   0.4631   0.146
2001  2   0.4063   0.131
2001  3   0.6425   0.132
2001  4   0.5771   0.155
2001  5   0.6038   0.169
2001  6   0.5479   0.133
2001  7   0.5706   0.148
2001  8   0.6108   0.170
2001  9   0.5010   0.155
2001 10   0.4863   0.165
2001 11   0.6825   0.155
2001 12   0.5089   0.137
2002  1   0.7043   0.155
2002  2   0.7932   0.140
2002  3   0.7837   0.155
2002  4   0.5715   0.163
2002  5   0.5675   0.174
2002  6   0.6079   0.165
2002  7   0.6265   0.173
2002  8   0.5437   0.127
2002  9   0.5720   0.152
2002 10   0.4896   0.155
2002 11   0.6094   0.174
2002 12   0.4624   0.158
2003  1   0.6993   0.162
2003  2   0.5711   0.150
2003  3   0.5622   0.147
2003  4   0.5517   0.131
2003  5   0.6022   0.145
2003  6   0.5549   0.133
2003  7   0.5558   0.168
2003  8   0.6341   0.148
2003  9   0.6383   0.129
2003 10   0.7347   0.172
2003 11   0.5853   0.127
2003 12   0.7494   0.127
2004  1   0.6019   0.166
2004  2   0.7195   0.163
2004  3   0.6980   0.131
2004  4   0.5904   0.146
2004  5   0.4654   0.156
2004  6   0.4900   0.174
2004  7   0.4780   0.152
2004  8   0.4915   0.130
2004  9   0.5273   0.151
2004 10   0.6092   0.154
2004 11   0.7551   0.156
2004 12   0.4965   0.174
2005  1   0.6115   0.144
2005  2   0.5000   0.150
2005  3   0.6793   0.157
2005  4   0.7187   0.167
2005  5   0.6532   0.131
2005  6   0.6769   0.134
2005  7   0.6479   0.128
2005  8   0.6164   0.131
2005  9   0.6774   0.168
2005 10   0.6897   0.138
2005 11   0.7170   0.162
2005 12   0.6128   0.149
2006  1   0.4496   0.171
2006  2   0.5993   0.166
2006  3   0.5772   0.158
2006  4   0.4925   0.138
2006  5   0.5405   0.140
2006  6   0.6371   0.172
2006  7   0.5975   0.170
2006  8   0.6026   0.138
2006  9   0.6164   0.151
2006 10   0.6689   0.140
2006 11   0.6313   0.157
2006 12   0.7552   0.169
2007  1   0.8540   0.131
2007  2   0.6435   0.166
2007  3   0.6511   0.142
2007  4   0.7157   0.140
2007  5   0.5840   0.172
2007  6   0.5064   0.144
2007  7   0.4997   0.138
2007  8   0.5207   0.133
2007  9   0.5690   0.133
2007 10   0.5402   0.141
2007 11   0.5118   0.139
2007 12   0.4754   0.159
2008  1   0.2525   0.136
2008  2   0.3542   0.149
2008  3   0.7401   0.141
2008  4   0.4453   0.159
2008  5   0.4767   0.166
2008  6   0.5106   0.167
2008  7   0.5355   0.153
2008  8   0.5114   0.173
2008  9   0.4901   0.137
2008 10   0.6377   0.160
2008 11   0.6498   0.164
2008 12   0.5382   0.134
2009  1   0.5511   0.172
2009  2   0.5273   0.174
2009  3   0.5478   0.163
2009  4   0.6272   0.136
2009  5   0.5547   0.153
2009  6   0.6303   0.149
2009  7   0.5926   0.137
2009  8   0.6468   0.170
2009  9   0.6628   0.152
2009 10   0.5979   0.135
2009 11   0.6261   0.151
2009 12   0.5761   0.174
2010  1   0.6478   0.157
2010  2   0.6843   0.145
2010  3   0.7946   0.130
2010  4   0.7756   0.126
2010  5   0.7199   0.132
2010  6   0.6881   0.139
2010  7   0.6774   0.159
2010  8   0.6023   0.142
2010  9   0.5208   0.134
2010 10   0.5827   0.172
2010 11   0.7431   0.131
2010 12   0.4522   0.157
2011  1   0.4198   0.133
2011  2   0.4411   0.156
2011  3   0.5371   0.153
2011  4   0.6087   0.169
2011  5   0.5307   0.133
2011  6   0.6046   0.153
2011  7   0.5886   0.127
2011  8   0.5650   0.167
2011  9   0.5536   0.172
2011 10   0.5944   0.173
2011 11   0.4505   0.162
2011 12   0.4767   0.146
2012  1   0.3809   0.140
2012  2   0.3736   0.148
2012  3   0.4692   0.137
2012  4   0.6799   0.159
2012  5   0.6763   0.164
2012  6   0.6542   0.171
2012  7   0.6408   0.147
2012  8   0.6133   0.163
2012  9   0.6780   0.157
2012 10   0.6519   0.152
2012 11   0.6648   0.162
2012 12   0.4128   0.152
2013  1   0.5413   0.143
2013  2   0.5778   0.154
